1476
2784
5143
6582
9496
294
6681
962
2677
2235
7526
8375
8623
7818
4873
2023
8481
3205
635
2356
256
8954
995
2229
1376
8806
2878
3046
1547
8330
8449
698
7178
1668
7447
1608
1173
9666
1390
7751
383
5662
318
4276
1122
77
8544
3943
7487
6538
4096
7559
9776
5143
3410
2709
9549
8904
4726
8519
1471
7657
2766
9818
1386
9658
3515
3862
1118
5566
9320
8000
3709
3510
5335
8086
6367
3125
8930
7920
7114
8947
5077
6548
9820
8035
9407
4591
5510
9244
3579
4299
679
4612
2196
3112
1685
4195
4008
420
9963
5010
5752
8281
925
5239
8781
958
4070
6551
3834
8049
131
5569
458
5049
9205
3311
3348
8982
1787
4775
5206
9981
6139
2565
3096
6894
2946
3835
1615
8014
5336
4006
3277
6757
7107
6835
9339
9752
9530
6554
690
566
4007
6087
881
100
9029
9551
726
6974
8918
9749
452
2260
8181
1223
9552
3340
6578
6545
6444
5582
5439
1302
8977
8613
2718
7961
7197
4700
747
2184
4135
216
6207
6541
7417
348
9829
1407
8676
3705
4700
1562
4810
3954
3260
7866
28
3321
7248
9427
3672
5533
3250
4700
1507
6695
890
8069
5700
2813
4250
1403
1337
3610
5258
9879
4756
1567
7412
1424
4504
4210
171
959
392
2352
3750
6335
3695
5975
7145
2449
5872
7207
1768
1453
4876
9703
7489
5243
144
5509
1266
677
2583
1802
4208
5221
7991
5011
4571
1345
5665
5705
3497
6482
2178
8796
6738
2673
3917
4567
9726
8972
868
9540
9647
9313
1371
6758
7724
9730
4297
1377
2024
3021
7436
262
487
7620
9371
4895
1855
1229
9857
2009
7365
1298
275
4937
8683
8830
5533
6884
2654
4236
2723
28
8346
2511
130
8772
2578
3499
4939
1086
7550
3863
3502
3680
5264
5726
7104
20
2139
2694
6208
3924
535
5773
4529
9115
5189
3846
20
5940
7873
7686
3184
955
1634
1348
3740
275
3685
8641
8837
8649
252
3369
1154
7785
7053
2370
1392
4125
6173
3953
5680
6758
3540
8573
1429
6752
8974
6852
8193
2217
289
2971
6383
9367
6596
9245
9933
7397
9163
6427
563
378
8906
5399
8773
2737
5011
926
7687
812
8706
676
7448
7607
8601
2330
6670
8428
9489
459
6141
5975
7413
8550
4370
8810
9032
574
2745
9021
7374
3609
690
5048
2559
2892
224
7122
6922
1327
6352
6472
8124
833
7643
5809
6763
2574
4316
6917
6607
3840
475
1770
3454
9520
389
9197
2860
6601
4086
5043
8583
1949
9038
5000
1207
2265
3877
1534
3990
2145
4286
7541
278
2701
3033
9299
3214
7054
6645
6849
7352
2627
8076
679
6189
8139
4570
2767
8949
5718
4370
3388
1941
8761
8056
6439
2346
211
9138
1951
971
8744
4761
6300
1320
4534
5162
9940
2064
209
2280
6638
1612
631
4058
4374
8192
2125
3473
4887
6525
8919
1004
6359
6905
1851
4275
50
381
9211
2927
1809
8345
9633
3761
8786
6007
373
490
123
3588
2624
480
5084
6190
368
3251
339
4568
2253
1912
5960
871
6309
5
4779
2698
715
5647
9669
4356
2098
5738
7514
3927
6466
2495
7272
4874
2335
8495
9976
421
665
271
21
4308
3279
367
3565
3505
6734
577
1018
100
3915
119
6704
6980
8398
3912
7017
3353
3658
6367
6802
1213
1596
5750
9301
5830
9068
6831
8351
7696
3445
3303
5319
230
3576
575
9089
8762
7793
8902
2917
4958
4045
65
9978
75
7008
3644
5028
3612
1899
38
6002
8730
8190
7707
6643
545
2713
1584
6679
1917
851
1939
2152
9008
3078
9434
5696
4831
361
8498
5803
4743
7799
6401
7471
4891
8187
1064
2118
3345
8182
4678
2212
860
1661
1709
5206
499
8657
1721
736
2343
110
7885
6246
1552
4302
5024
205
8470
8957
1028
446
4393
5286
827
5144
5484
9281
4565
4196
4412
6465
2475
2941
6795
7896
6959
4700
9022
4900
7047
5633
6855
4039
1478
8873
4055
3584
3912
2164
8513
7531
8490
7122
4859
4984
7605
4662
1994
5960
3304
8155
9458
7314
6903
4167
2878
8985
299
4840
9747
7257
2155
3711
1237
8304
7491
4945
8698
7666
2040
5095
69
1993
3883
6279
2683
4865
3404
9093
9048
7696
6870
8441
3880
1314
9679
4545
2543
2844
6304
8269
7745
1724
5902
7872
5207
6262
1775
6822
6116
9726
2839
6867
2961
5098
7644
760
9383
660
3446
8474
5337
808
27
7656
252
3223
8677
1423
5204
8686
4424
250
6262
3861
4922
8718
9245
1488
4850
6897
6512
8931
6743
4187
2927
8944
7069
7358
8188
476
6426
5887
9712
6538
3443
5100
8829
7676
7055
8652
3650
26
4376
6337
4029
9788
3030
9376
4459
6967
8592
9161
2956
7461
406
2471
625
9196
9059
9851
3567
9345
3134
4255
4911
9617
2175
1460
8717
5126
9278
5330
3605
7887
9366
6235
517
6193
819
5181
1923
7929
1907
5718
7769
3259
1217
113
4922
1656
6979
8375
3591
3028
5707
7724
6606
6088
8028
5844
6024
4954
3623
8396
7827
2515
639
7923
2736
6699
4180
9944
7255
5648
2431
6883
5701
8377
3250
3640
2258
4913
8955
6786
7557
2625
1510
6171
1031
2256
8262
235
5040
1951
5604
1308
9859
4647
6259
3556
4950
9768
1451
1233
6873
2815
806
7348
8204
7776
4573
5189
9893
5945
6568
7632
6496
8912
127
7035
5428
1596
4339
6401
5554
9665
4537
2361
3114
108
1285
4214
8786
1957
5907
4705
4149
9022
5547
6172
3202
6099
8293
3510
1036
1933
5408
9975
8245
5271
5878
4734
3954
7932
6756
7592
4262
5146
6479
2250
504
7155
1644
5953
5547
5122
6805
7449
9475
7595
2322
4504
4864
1832
4311
2934
574
1205
9339
946
7421
4489
1694
6402
840
3816
5925
2807
1750
2619
3477
9128
480
9402
4810
6359
6318
7263
7296
8899
3548
5382
5291
1574
6312
957
7711
1201
1374
4271
1838
7955
2282
5264
1797
2983
